spawns:
  default:
    world: aeb2d933-fe2d-42e5-9222-279eaa574f78
    world-name: world
    x: 129.54244553229404
    y: 69.0
    z: 209.8517123836674
    yaw: -41.55073165893555
    pitch: 13.799994468688965
  operator:
    world: aeb2d933-fe2d-42e5-9222-279eaa574f78
    world-name: world
    x: 129.72315346381785
    y: 69.0
    z: 210.05558731692003
    yaw: -41.55073165893555
    pitch: 13.799994468688965
  '*':
    world: aeb2d933-fe2d-42e5-9222-279eaa574f78
    world-name: world
    x: 129.40306448866855
    y: 69.0
    z: 209.69446250309787
    yaw: -41.55073165893555
    pitch: 13.799994468688965
