playerLocations:
  f618d04e-2ac2-3027-ac06-271eee30407d:
    world: world
    x: -57.82886153727214
    y: 63.0
    z: 321.51695109316415
    yaw: 157.4979
    pitch: 25.94998
login:
  world: world
  x: 28.487389515380805
  y: 81.0
  z: 95.75958603358843
  yaw: 210.89789
  pitch: 61.95005
