world: 8a0b0da0-5ca6-414a-acf0-9f01a41157e4
world-name: world
x: 161.62570070692664
y: 80.73194399217188
z: 259.43831230588023
yaw: 48.30000305175781
pitch: 12.299993515014648
name: лох
lastowner: f618d04e-2ac2-3027-ac06-271eee30407d
